Accuracy = 96.1282% (36323/37786)
TP = 8576
FP = 889
TN = 27747
FN = 574
TPR = 0.937268
FPR = 0.0310448
F1 = 0.921407
