Accuracy = 96.7634% (36563/37786)
TP = 8455
FP = 528
TN = 28108
FN = 695
TPR = 0.924044
FPR = 0.0184383
F1 = 0.932554
