Accuracy = 96.1573% (36334/37786)
TP = 8488
FP = 790
TN = 27846
FN = 662
TPR = 0.92765
FPR = 0.0275877
F1 = 0.921207
