Accuracy = 96.7025% (36540/37786)
TP = 8437
FP = 533
TN = 28103
FN = 713
TPR = 0.922077
FPR = 0.0186129
F1 = 0.931236
