Accuracy = 94.4609% (35693/37786)
TP = 8400
FP = 1343
TN = 27293
FN = 750
TPR = 0.918033
FPR = 0.046899
F1 = 0.889218
