Accuracy = 95.8741% (36227/37786)
TP = 8284
FP = 693
TN = 27943
FN = 866
TPR = 0.905355
FPR = 0.0242003
F1 = 0.913996
