Accuracy = 95.6677% (36149/37786)
TP = 8194
FP = 681
TN = 27955
FN = 956
TPR = 0.895519
FPR = 0.0237813
F1 = 0.909182
