Accuracy = 96.3558% (36409/37786)
TP = 8314
FP = 541
TN = 28095
FN = 836
TPR = 0.908634
FPR = 0.0188923
F1 = 0.923521
