Accuracy = 96.4881% (36459/37786)
TP = 8311
FP = 488
TN = 28148
FN = 839
TPR = 0.908306
FPR = 0.0170415
F1 = 0.926068
