Accuracy = 96.6866% (36534/37786)
TP = 8475
FP = 577
TN = 28059
FN = 675
TPR = 0.92623
FPR = 0.0201495
F1 = 0.931216
